Some((
    red: 0.7333334,
    green: 0.6039216,
    blue: 0.96862745,
))