Some((
    red: 0.3372549,
    green: 0.37254903,
    blue: 0.5372549,
))